POST /collect HTTP/1.1
Host: y.clarity.ms
Cookie: MUID=08E9BC3E447E66CB00ADAA7845346719
User-Agent: Mozilla/5.0 (Windows NT 10.0; Win64; x64; rv:147.0) Gecko/20100101 Firefox/147.0
Accept: */*
Accept-Language: pt-BR,pt;q=0.9,en-US;q=0.8,en;q=0.7
Accept-Encoding: gzip, deflate
Content-Type: text/plain;charset=UTF-8
Content-Length: 2051
Referer: https://www.lottu.bet.br/
Origin: https://www.lottu.bet.br
Sec-Fetch-Dest: empty
Sec-Fetch-Mode: cors
Sec-Fetch-Site: cross-site
Te: trailers
Connection: close

{"e":["0.8.47",3,12264,2791,"uj2vrhi9rg","1tb39xw","124i9pe",2,0,0,0,"https://www.lottu.bet.br/home"],"a":[[11732,12,1105,638,392],[11748,12,1105,635,400],[11763,12,1105,634,402],[11779,12,1105,631,408],[11795,12,1105,629,410],[11810,12,1105,629,411],[11826,12,1105,628,411],[11842,12,1105,628,412],[12092,12,1105,628,410],[12107,12,1105,627,401],[12138,12,1105,627,391],[12138,12,565,627,377],[12170,12,8056,627,357],[12185,12,8061,627,337],[12200,12,8056,624,323],[12217,12,739,621,314],[12232,12,739,619,308],[12248,12,739,615,303],[12295,12,739,619,303],[12310,12,739,628,306],[12326,12,8056,652,318],[12513,12,8056,650,318],[12529,12,739,645,312],[12545,12,739,640,310],[12560,12,739,636,308],[12575,12,739,626,302],[12591,12,921,615,296],[12607,12,921,609,294],[12623,12,921,601,293],[12654,12,921,597,293],[12654,12,921,595,293],[12684,12,921,591,293],[12701,12,921,587,293],[12717,12,921,585,293],[12732,12,921,584,293],[12763,12,921,579,293],[12779,12,921,576,293],[12795,12,921,573,293],[12810,12,921,562,291],[12826,12,921,556,290],[12842,12,921,548,288],[12857,12,921,543,287],[12873,12,921,541,287],[12888,12,921,539,287],[12903,12,921,539,286],[13045,13,921,539,286],[13076,12,921,537,286],[13092,12,921,535,286],[13106,12,921,516,286],[13123,12,921,472,285],[13138,12,921,414,283],[13170,12,921,357,283],[13170,12,921,310,283],[13201,12,921,277,283],[13217,12,921,260,283],[13231,12,921,257,283],[13263,14,921,257,283],[13263,9,921,257,283,0,13862,0,0,0,"••••• •••• ••••",null,"7d6mer72r.1mtz0l57i",1,1,456,26,"input","form-control w-100 ng-tns-c3763073875-3 ng-untouch","b0b904b0-9525-43d0-948a-6"],[13435,12,110,261,283],[13450,12,110,282,279],[13466,12,110,308,274],[13481,12,165,362,268],[13498,12,1104,438,258],[13513,12,248,501,245],[13529,12,248,512,241],[13545,12,248,519,238],[12263,4,1,1199,935,1199,935,0,0,729,314,11793,0,1123,639,390,10998,729,314,1045,729,314,1123,639,390,10998,null],[15054,0,2,1025,3,14,4,3,5,13,25,82],[15054,36,6,[12775,52,13139,0,13269,0,14085,3,14279,11,14502,0,14644,8]]]}