POST /collect HTTP/1.1
Host: y.clarity.ms
Cookie: MUID=08E9BC3E447E66CB00ADAA7845346719
User-Agent: Mozilla/5.0 (Windows NT 10.0; Win64; x64; rv:147.0) Gecko/20100101 Firefox/147.0
Accept: */*
Accept-Language: pt-BR,pt;q=0.9,en-US;q=0.8,en;q=0.7
Accept-Encoding: gzip, deflate
Content-Type: text/plain;charset=UTF-8
Content-Length: 2437
Referer: https://www.lottu.bet.br/
Origin: https://www.lottu.bet.br
Sec-Fetch-Dest: empty
Sec-Fetch-Mode: no-cors
Sec-Fetch-Site: cross-site
Priority: u=6
Te: trailers
Connection: close

{"e":["0.8.47",2,1638,10626,"uj2vrhi9rg","1tb39xw","124i9pe",2,0,0,0,"https://www.lottu.bet.br/home"],"a":[[60,12,110,1155,132],[93,12,110,1186,140],[498,12,110,988,222],[592,12,110,862,242],[779,12,1104,767,305],[982,12,921,729,314],[1045,13,921,729,314],[1123,14,921,729,314],[1185,12,1104,728,308],[1263,12,1104,727,308],[1310,12,1104,724,308],[1357,12,1104,721,308],[1420,12,1104,723,308],[1467,12,1104,738,299],[1842,12,177,760,233],[7654,12,177,748,233],[7669,12,177,735,233],[7685,12,165,727,235],[7701,12,165,723,238],[7717,12,288,714,245],[7732,12,288,703,254],[7748,12,248,692,263],[7779,12,248,683,274],[7795,12,248,679,281],[7809,12,1104,675,290],[7826,12,1104,673,298],[7842,12,1104,670,308],[7857,12,921,668,315],[7873,12,921,667,316],[7888,12,921,666,316],[7920,12,921,666,317],[7951,12,921,664,321],[7967,12,921,661,324],[7982,12,921,655,333],[8013,12,739,647,343],[8029,12,1105,642,353],[8045,12,1105,638,358],[8060,12,1105,635,360],[8076,12,1105,634,362],[8092,12,1105,634,364],[8107,12,1105,634,366],[8123,12,1105,634,368],[8560,12,1105,634,369],[8576,12,1105,635,371],[8592,12,1105,636,373],[8607,12,1105,637,374],[8701,12,1105,637,375],[8717,12,1105,637,376],[8731,12,1105,637,377],[8763,12,1105,637,378],[10013,12,1105,639,378],[10029,12,1105,642,378],[10045,12,1105,644,378],[10842,12,1106,644,379],[10873,12,1106,644,385],[10904,12,1106,642,388],[10920,12,1106,641,388],[10935,12,1106,641,389],[10998,12,1105,639,390],[1123,9,921,729,314,25724,8821,0,0,0,null,null,"7d6mer72r.1mtz0l57i",1,0,456,26,"input","form-control w-100 ng-tns-c3763073875-3 ng-untouch","b0b904b0-9525-43d0-948a-6"],[6720,27,921,"••••• •••• ••••",1],[1123,22,9,"7d6mer72r.1mtz0l57i",729,314,0,0],[1638,4,1,1199,935,1199,935,0,0,0,0,0,0,null,null,null,null,null,null,null,null,null,null,null,null,null,null],[12263,1,4,["www.google.com.br","cdn.lottu.bet.br","img.sportradar.com","lto.lottu.bet.br","www.facebook.com","countries.ngx.bet","d3gen1ksvxhac8.cloudfront.net","y.clarity.ms","alpha-users.ngx.bet"],31,["2yi75iey9.1w0q3asi"],32,["2yi75iey9.1w0q3asi"],37,["448","528","832"]],[12263,0,2,832,3,1217,4,1209,5,183,25,108,28,3467],[12263,36,6,[1649,0,2037,52,2815,100,2918,100,3022,94,3125,97,3231,93,3332,88,3447,35,3553,5,3821,0,5184,99,5292,95,5395,96,5503,92,5618,11,6725,71,7114,0,8255,59,8462,0,8620,0,9490,0,9761,49,10132,0,10634,0,10761,0,10961,0,11150,0,11262,8,11544,92,11793,0]],[12263,40,0,[34,""]]]}