POST /collect HTTP/1.1
Host: y.clarity.ms
Cookie: MUID=08E9BC3E447E66CB00ADAA7845346719
User-Agent: Mozilla/5.0 (Windows NT 10.0; Win64; x64; rv:147.0) Gecko/20100101 Firefox/147.0
Accept: */*
Accept-Language: pt-BR,pt;q=0.9,en-US;q=0.8,en;q=0.7
Accept-Encoding: gzip, deflate
Content-Type: text/plain;charset=UTF-8
Content-Length: 1244
Referer: https://www.lottu.bet.br/
Origin: https://www.lottu.bet.br
Sec-Fetch-Dest: empty
Sec-Fetch-Mode: cors
Sec-Fetch-Site: cross-site
Te: trailers
Connection: close

{"e":["0.8.47",4,15055,5699,"uj2vrhi9rg","1tb39xw","124i9pe",2,0,0,0,"https://www.lottu.bet.br/home"],"a":[[16742,27,921,"••••• •••• ••••",1],[17637,12,165,520,238],[17654,12,165,524,238],[17670,12,165,533,239],[17684,12,288,542,246],[17700,12,288,546,252],[17717,12,248,548,265],[17731,12,1104,548,283],[17747,12,921,548,312],[17762,12,921,548,329],[17779,12,739,552,342],[17794,12,739,555,347],[17810,12,1105,558,352],[17826,12,1105,561,359],[17841,12,1105,564,364],[17857,12,1105,565,366],[17903,12,1105,565,367],[17934,12,1105,564,371],[17951,12,1105,563,375],[17967,12,1105,563,376],[18029,12,1105,562,377],[18060,12,1106,560,379],[18076,12,1106,558,380],[18091,12,1106,556,381],[18107,12,1106,554,382],[18138,12,1106,552,382],[18153,12,1106,551,383],[18185,12,1106,549,383],[18201,12,1106,548,384],[18216,12,1106,547,384],[18232,12,1106,546,384],[18248,12,1106,545,385],[13263,22,9,"7d6mer72r.1mtz0l57i",257,283,0,0],[15054,4,1,1199,935,1199,935,0,0,519,238,14652,0,13545,519,238,13545,539,286,13045,257,283,13263,512,241,13529,null],[20754,0,2,784,3,37,4,14,5,25,25,61],[20754,36,6,[15088,5,15525,0,15786,55,15966,0,16152,0,16294,0,16748,53,17297,22,17671,0,17812,0,18798,59,19162,0,20305,21,20538,0,20670,0]]]}