POST /collect HTTP/1.1
Host: y.clarity.ms
Cookie: MUID=08E9BC3E447E66CB00ADAA7845346719
User-Agent: Mozilla/5.0 (Windows NT 10.0; Win64; x64; rv:147.0) Gecko/20100101 Firefox/147.0
Accept: */*
Accept-Language: pt-BR,pt;q=0.9,en-US;q=0.8,en;q=0.7
Accept-Encoding: gzip, deflate
Content-Type: text/plain;charset=UTF-8
Content-Length: 1878
Referer: https://www.lottu.bet.br/
Origin: https://www.lottu.bet.br
Sec-Fetch-Dest: empty
Sec-Fetch-Mode: cors
Sec-Fetch-Site: cross-site
Te: trailers
Connection: close

{"e":["0.8.47",5,20754,4887,"uj2vrhi9rg","1tb39xw","124i9pe",2,0,0,0,"https://www.lottu.bet.br/home"],"a":[[21636,42,921,"tel","••••• •••• ••••","2ythjk"],[21640,50,0],[20841,12,1106,550,384],[20856,12,1105,587,366],[20873,12,739,643,335],[20903,12,1104,748,285],[20920,12,165,831,249],[20934,12,110,922,212],[20951,12,110,997,181],[20967,12,110,1059,155],[20982,12,110,1086,142],[20998,12,110,1103,133],[21012,12,110,1110,129],[21028,12,110,1113,126],[21045,12,110,1116,123],[21060,12,110,1119,118],[21076,12,110,1121,112],[21092,12,110,1123,106],[21107,12,110,1123,105],[21122,12,110,1123,103],[21154,12,110,1124,100],[21170,12,110,1136,89],[21184,12,110,1152,79],[21200,12,110,1183,63],[24870,50,1],[24075,12,110,1163,218],[24107,12,110,1107,240],[24123,12,110,1038,268],[24138,12,110,989,291],[24154,12,110,932,317],[24169,12,110,883,338],[24185,12,165,845,352],[24200,12,1105,814,363],[24216,12,1105,788,373],[24232,12,1106,766,379],[24247,12,1106,747,384],[24262,12,1106,722,390],[24279,12,1106,717,392],[24295,12,1106,705,394],[24309,12,1106,702,395],[24342,12,1106,698,395],[24342,12,1106,692,396],[24373,12,1106,685,396],[24387,12,1106,681,398],[24404,12,1106,679,398],[24420,12,1106,677,398],[24435,12,1106,673,398],[24466,12,1106,670,398],[24482,12,1106,664,398],[24512,12,1106,660,398],[24528,12,1106,655,397],[24545,12,1106,654,397],[24559,12,1106,652,397],[24856,13,1106,652,397],[24920,14,1106,652,397],[24920,9,1106,652,397,20191,25205,0,0,0,null,null,"591jr63tj.48s5o9lnf",1,0,456,26,"input","form-control w-100 ng-tns-c3763073875-1 ng-untouch","a402de60-29cc-44c7-8e5d-1"],[20754,4,1,1199,935,1199,935,0,0,545,385,20670,0,18248,545,385,18248,539,286,13045,257,283,13263,546,384,18232,null],[25640,0,2,552,3,27,4,9,5,19,25,77],[25640,36,6,[21296,0,21561,77,21807,13,22173,0,22819,0,23314,16,23680,0,23846,0,24817,23,24938,0,25188,0]]]}